Depth Averaged Temps (0/300m,deg C,5N-5S,120E-80W)
TAO Project Office/NOAA/PMEL/Seattle
http://www.pmel.noaa.gov/tao/
Michael J. McPhaden, Director

 date       T300        Anomaly
198001 0.1923849E+02 0.2317905E+00
198002 0.1920306E+02 0.2853947E+00
198003 0.1913899E+02 0.2709103E+00
198004 0.1906789E+02 0.2289829E+00
198005 0.1898577E+02 0.1886444E+00
198006 0.1889866E+02 0.1585522E+00
198007 0.1882414E+02 0.1296749E+00
198008 0.1886179E+02 0.1468143E+00
198009 0.1899901E+02 0.1872959E+00
198010 0.1914614E+02 0.2050819E+00
198011 0.1925813E+02 0.2082291E+00
198012 0.1922493E+02 0.1567097E+00
198101 0.1909994E+02 0.9323883E-01
198102 0.1909449E+02 0.1768246E+00
198103 0.1913540E+02 0.2673225E+00
198104 0.1903301E+02 0.1941013E+00
198105 0.1886762E+02 0.7049370E-01
198106 0.1874213E+02 0.2017975E-02
198107 0.1867996E+02 -.1450539E-01
198108 0.1873090E+02 0.1592827E-01
198109 0.1885429E+02 0.4257774E-01
198110 0.1896342E+02 0.2235985E-01
198111 0.1903596E+02 -.1393890E-01
198112 0.1908117E+02 0.1295280E-01
198201 0.1912099E+02 0.1142941E+00
198202 0.1910621E+02 0.1885471E+00
198203 0.1906247E+02 0.1943913E+00
198204 0.1908388E+02 0.2449703E+00
198205 0.1904663E+02 0.2495041E+00
198206 0.1888920E+02 0.1490879E+00
198207 0.1879963E+02 0.1051598E+00
198208 0.1895947E+02 0.2444916E+00
198209 0.1925455E+02 0.4428368E+00
198210 0.1939880E+02 0.4577389E+00
198211 0.1936584E+02 0.3159409E+00
198212 0.1920811E+02 0.1398888E+00
198301 0.1895837E+02 -.4832649E-01
198302 0.1882177E+02 -.9589767E-01
198303 0.1887903E+02 0.1095009E-01
198304 0.1894483E+02 0.1059246E+00
198305 0.1883355E+02 0.3642273E-01
198306 0.1856513E+02 -.1749802E+00
198307 0.1834685E+02 -.3476162E+00
198308 0.1828481E+02 -.4301701E+00
198309 0.1823637E+02 -.5753460E+00
198310 0.1820973E+02 -.7313309E+00
198311 0.1834839E+02 -.7015133E+00
198312 0.1848702E+02 -.5811939E+00
198401 0.1849394E+02 -.5127563E+00
198402 0.1846301E+02 -.4546547E+00
198403 0.1846140E+02 -.4066849E+00
198404 0.1845352E+02 -.3853912E+00
198405 0.1838726E+02 -.4098740E+00
198406 0.1834095E+02 -.3991623E+00
198407 0.1837069E+02 -.3237801E+00
198408 0.1846931E+02 -.2456627E+00
198409 0.1856574E+02 -.2459698E+00
198410 0.1864006E+02 -.3009949E+00
198411 0.1875845E+02 -.2914543E+00
198412 0.1881200E+02 -.2562199E+00
198501 0.1876171E+02 -.2449951E+00
198502 0.1871442E+02 -.2032452E+00
198503 0.1871667E+02 -.1514149E+00
198504 0.1875566E+02 -.8325005E-01
198505 0.1876857E+02 -.2856064E-01
198506 0.1873107E+02 -.9037018E-02
198507 0.1872356E+02 0.2908897E-01
198508 0.1878293E+02 0.6795311E-01
198509 0.1884844E+02 0.3673172E-01
198510 0.1895605E+02 0.1499367E-01
198511 0.1909127E+02 0.4137230E-01
198512 0.1909870E+02 0.3048325E-01
198601 0.1900990E+02 0.3200531E-02
198602 0.1893962E+02 0.2195740E-01
198603 0.1888845E+02 0.2036667E-01
198604 0.1889964E+02 0.6073761E-01
198605 0.1896291E+02 0.1657810E+00
198606 0.1896137E+02 0.2212582E+00
198607 0.1889964E+02 0.2051697E+00
198608 0.1891048E+02 0.1955013E+00
198609 0.1905285E+02 0.2411366E+00
198610 0.1922463E+02 0.2835712E+00
198611 0.1933171E+02 0.2818108E+00
198612 0.1934492E+02 0.2767067E+00
198701 0.1921523E+02 0.2085323E+00
198702 0.1904741E+02 0.1297493E+00
198703 0.1895714E+02 0.8905411E-01
198704 0.1888801E+02 0.4910469E-01
198705 0.1877742E+02 -.1970863E-01
198706 0.1858677E+02 -.1533413E+00
198707 0.1845385E+02 -.2406235E+00
198708 0.1851310E+02 -.2018795E+00
198709 0.1862770E+02 -.1840134E+00
198710 0.1874506E+02 -.1960030E+00
198711 0.1883306E+02 -.2168427E+00
198712 0.1879412E+02 -.2740917E+00
198801 0.1865984E+02 -.3468571E+00
198802 0.1847861E+02 -.4390526E+00
198803 0.1830726E+02 -.5608215E+00
198804 0.1819466E+02 -.6442471E+00
198805 0.1816759E+02 -.6295376E+00
198806 0.1820228E+02 -.5378265E+00
198807 0.1824478E+02 -.4496918E+00
198808 0.1828371E+02 -.4312668E+00
198809 0.1828946E+02 -.5222511E+00
198810 0.1830267E+02 -.6383915E+00
198811 0.1841605E+02 -.6338501E+00
198812 0.1857191E+02 -.4963055E+00
198901 0.1867619E+02 -.3305130E+00
198902 0.1873938E+02 -.1782837E+00
198903 0.1880879E+02 -.5929184E-01
198904 0.1889434E+02 0.5543327E-01
198905 0.1892718E+02 0.1300526E+00
198906 0.1887185E+02 0.1317387E+00
198907 0.1879555E+02 0.1010780E+00
198908 0.1876329E+02 0.4831123E-01
198909 0.1880536E+02 -.6349564E-02
198910 0.1892618E+02 -.1488113E-01
198911 0.1910684E+02 0.5693817E-01
198912 0.1927609E+02 0.2078743E+00
199001 0.1935402E+02 0.3473167E+00
199002 0.1935634E+02 0.4386730E+00
199003 0.1928584E+02 0.4177628E+00
199004 0.1911784E+02 0.2789345E+00
199005 0.1891193E+02 0.1147995E+00
199006 0.1877826E+02 0.3815079E-01
199007 0.1876902E+02 0.7455063E-01
199008 0.1884169E+02 0.1267128E+00
199009 0.1895746E+02 0.1457500E+00
199010 0.1908809E+02 0.1470337E+00
199011 0.1920461E+02 0.1547089E+00
199012 0.1928514E+02 0.2169189E+00
199101 0.1924469E+02 0.2379856E+00
199102 0.1910465E+02 0.1869831E+00
199103 0.1903528E+02 0.1671982E+00
199104 0.1906922E+02 0.2303104E+00
199105 0.1910068E+02 0.3035488E+00
199106 0.1909281E+02 0.3526955E+00
199107 0.1906573E+02 0.3712635E+00
199108 0.1905864E+02 0.3436642E+00
199109 0.1915339E+02 0.3416824E+00
199110 0.1932533E+02 0.3842716E+00
199111 0.1947153E+02 0.4216328E+00
199112 0.1952731E+02 0.4590969E+00
199201 0.1946529E+02 0.4585896E+00
199202 0.1930107E+02 0.3834057E+00
199203 0.1907439E+02 0.2063084E+00
199204 0.1885328E+02 0.1436996E-01
199205 0.1863473E+02 -.1623993E+00
199206 0.1849167E+02 -.2484398E+00
199207 0.1849770E+02 -.1967716E+00
199208 0.1854353E+02 -.1714497E+00
199209 0.1863180E+02 -.1799107E+00
199210 0.1879121E+02 -.1498489E+00
199211 0.1894286E+02 -.1070404E+00
199212 0.1901401E+02 -.5420876E-01
199301 0.1897464E+02 -.3205681E-01
199302 0.1891678E+02 -.8831024E-03
199303 0.1890991E+02 0.4183006E-01
199304 0.1887163E+02 0.3272057E-01
199305 0.1872083E+02 -.7629776E-01
199306 0.1849933E+02 -.2407837E+00
199307 0.1836142E+02 -.3330479E+00
199308 0.1840512E+02 -.3098545E+00
199309 0.1857381E+02 -.2379055E+00
199310 0.1876144E+02 -.1796188E+00
199311 0.1888334E+02 -.1665649E+00
199312 0.1888394E+02 -.1842804E+00
199401 0.1878444E+02 -.2222633E+00
199402 0.1868288E+02 -.2347832E+00
199403 0.1866002E+02 -.2080669E+00
199404 0.1869856E+02 -.1403446E+00
199405 0.1872938E+02 -.6775475E-01
199406 0.1870973E+02 -.3038406E-01
199407 0.1867875E+02 -.1571465E-01
199408 0.1874471E+02 0.2973557E-01
199409 0.1892152E+02 0.1098118E+00
199410 0.1915958E+02 0.2185192E+00
199411 0.1932401E+02 0.2741070E+00
199412 0.1924927E+02 0.1810513E+00
199501 0.1902990E+02 0.2320099E-01
199502 0.1882114E+02 -.9652901E-01
199503 0.1866226E+02 -.2058239E+00
199504 0.1860797E+02 -.2309399E+00
199505 0.1864043E+02 -.1567020E+00
199506 0.1865480E+02 -.8530807E-01
199507 0.1860872E+02 -.8574677E-01
199508 0.1856777E+02 -.1472034E+00
199509 0.1860412E+02 -.2075958E+00
199510 0.1872438E+02 -.2166805E+00
199511 0.1887785E+02 -.1720524E+00
199512 0.1899150E+02 -.7671547E-01
199601 0.1901967E+02 0.1296616E-01
199602 0.1897470E+02 0.5703545E-01
199603 0.1890457E+02 0.3648949E-01
199604 0.1884635E+02 0.7446289E-02
199605 0.1883687E+02 0.3974152E-01
199606 0.1882113E+02 0.8101845E-01
199607 0.1877536E+02 0.8089256E-01
199608 0.1880515E+02 0.9016991E-01
199609 0.1889582E+02 0.8411217E-01
199610 0.1900220E+02 0.6114197E-01
199611 0.1914083E+02 0.9092522E-01
199612 0.1928374E+02 0.2155228E+00
199701 0.1940215E+02 0.3954525E+00
199702 0.1944687E+02 0.5292034E+00
199703 0.1949727E+02 0.6291885E+00
199704 0.1959331E+02 0.7544041E+00
199705 0.1958345E+02 0.7863235E+00
199706 0.1947087E+02 0.7307568E+00
199707 0.1935395E+02 0.6594849E+00
199708 0.1934910E+02 0.6341267E+00
199709 0.1947931E+02 0.6675949E+00
199710 0.1958701E+02 0.6459503E+00
199711 0.1953445E+02 0.4845467E+00
199712 0.1924384E+02 0.1756287E+00
199801 0.1886091E+02 -.1457901E+00
199802 0.1861782E+02 -.2998505E+00
199803 0.1847379E+02 -.3942871E+00
199804 0.1830171E+02 -.5371952E+00
199805 0.1809879E+02 -.6983376E+00
199806 0.1792027E+02 -.8198357E+00
199807 0.1780211E+02 -.8923607E+00
199808 0.1780599E+02 -.9089890E+00
199809 0.1792806E+02 -.8836498E+00
199810 0.1806551E+02 -.8755455E+00
199811 0.1820356E+02 -.8463459E+00
199812 0.1832164E+02 -.7465782E+00
199901 0.1836032E+02 -.6463757E+00
199902 0.1834472E+02 -.5729446E+00
199903 0.1833691E+02 -.5311756E+00
199904 0.1835731E+02 -.4815941E+00
199905 0.1837631E+02 -.4208221E+00
199906 0.1837828E+02 -.3618298E+00
199907 0.1834743E+02 -.3470440E+00
199908 0.1832471E+02 -.3902626E+00
199909 0.1841524E+02 -.3964710E+00
199910 0.1855642E+02 -.3846397E+00
199911 0.1863791E+02 -.4119949E+00
199912 0.1868457E+02 -.3836479E+00
200001 0.1870670E+02 -.2999973E+00
200002 0.1869482E+02 -.2228489E+00
200003 0.1868816E+02 -.1799259E+00
200004 0.1870671E+02 -.1322021E+00
200005 0.1874111E+02 -.5601692E-01
200006 0.1874782E+02 0.7707596E-02
200007 0.1870473E+02 0.1026344E-01
200008 0.1871575E+02 0.7781982E-03
200009 0.1881705E+02 0.5336761E-02
200010 0.1891216E+02 -.2890015E-01
200011 0.1896242E+02 -.8747864E-01
200012 0.1897798E+02 -.9023285E-01
200101 0.1892024E+02 -.8645821E-01
200102 0.1883019E+02 -.8747292E-01
200103 0.1883482E+02 -.3325844E-01
200104 0.1886405E+02 0.2513885E-01
200105 0.1885074E+02 0.5360794E-01
200106 0.1885537E+02 0.1152611E+00
200107 0.1882862E+02 0.1341534E+00
200108 0.1881895E+02 0.1039715E+00
200109 0.1893493E+02 0.1232224E+00
200110 0.1911070E+02 0.1696396E+00
200111 0.1923303E+02 0.1831322E+00
200112 0.1927054E+02 0.2023277E+00
200201 0.1926533E+02 0.2586308E+00
200202 0.1921018E+02 0.2925129E+00
200203 0.1909042E+02 0.2223377E+00
200204 0.1897840E+02 0.1394939E+00
200205 0.1895328E+02 0.1561489E+00
200206 0.1899224E+02 0.2521248E+00
200207 0.1904903E+02 0.3545589E+00
200208 0.1915354E+02 0.4385624E+00
200209 0.1932635E+02 0.5146408E+00
200210 0.1949432E+02 0.5532627E+00
200211 0.1953358E+02 0.4836750E+00
200212 0.1940030E+02 0.3320885E+00
200301 0.1916900E+02 0.1622982E+00
200302 0.1896226E+02 0.4459381E-01
200303 0.1883740E+02 -.3068352E-01
200304 0.1875856E+02 -.8034706E-01
200305 0.1876012E+02 -.3701210E-01
200306 0.1886654E+02 0.1264343E+00
200307 0.1894575E+02 0.2512817E+00
200308 0.1896651E+02 0.2515335E+00
200309 0.1904272E+02 0.2310066E+00
200310 0.1922261E+02 0.2815533E+00
200311 0.1938564E+02 0.3357410E+00
200312 0.1938313E+02 0.3149090E+00
200401 0.1926312E+02 0.2564201E+00
200402 0.1911702E+02 0.1993523E+00
200403 0.1901967E+02 0.1515846E+00
200404 0.1900403E+02 0.1651268E+00
200405 0.1899405E+02 0.1969147E+00
200406 0.1901229E+02 0.2721806E+00
200407 0.1906403E+02 0.3695602E+00
200408 0.1912428E+02 0.4093037E+00
200409 0.1924991E+02 0.4381962E+00
200410 0.1941184E+02 0.4707813E+00
200411 0.1954768E+02 0.4977779E+00
200412 0.1956190E+02 0.4936867E+00
200501 0.1942981E+02 0.4231052E+00
200502 0.1931672E+02 0.3990574E+00
200503 0.1924150E+02 0.3734207E+00
200504 0.1910768E+02 0.2687759E+00
200505 0.1897524E+02 0.1781139E+00
200506 0.1888963E+02 0.1495228E+00
200507 0.1881980E+02 0.1253338E+00
200508 0.1880049E+02 0.8551216E-01
200509 0.1887102E+02 0.5930519E-01
200510 0.1897876E+02 0.3770447E-01
200511 0.1905138E+02 0.1480103E-02
200512 0.1903482E+02 -.3339958E-01
200601 0.1893320E+02 -.7349968E-01
200602 0.1885004E+02 -.6762695E-01
200603 0.1885436E+02 -.1372528E-01
200604 0.1892257E+02 0.8366776E-01
200605 0.1900738E+02 0.2102509E+00
200606 0.1904681E+02 0.3067036E+00
200607 0.1904365E+02 0.3491764E+00
200608 0.1908645E+02 0.3714790E+00
200609 0.1920568E+02 0.3939724E+00
200610 0.1939141E+02 0.4503517E+00
200611 0.1952489E+02 0.4749889E+00
200612 0.1940152E+02 0.3333035E+00
200701 0.1908914E+02 0.8244324E-01
200702 0.1882234E+02 -.9532738E-01
200703 0.1867724E+02 -.1908379E+00
200704 0.1862371E+02 -.2151928E+00
200705 0.1862337E+02 -.1737614E+00
200706 0.1860768E+02 -.1324272E+00
200707 0.1855471E+02 -.1397610E+00
200708 0.1854052E+02 -.1744576E+00
200709 0.1858322E+02 -.2284908E+00
200710 0.1866303E+02 -.2780247E+00
200711 0.1876321E+02 -.2866879E+00
200712 0.1878866E+02 -.2795544E+00
200801 0.1871041E+02 -.2962952E+00
200802 0.1867191E+02 -.2457542E+00
200803 0.1875444E+02 -.1136398E+00
200804 0.1885687E+02 0.1796722E-01
200805 0.1890350E+02 0.1063671E+00
200806 0.1888157E+02 0.1414623E+00
200807 0.1879341E+02 0.9894371E-01
200808 0.1870429E+02 -.1068115E-01
200809 0.1870679E+02 -.1049232E+00
200810 0.1879640E+02 -.1446552E+00
200811 0.1884424E+02 -.2056637E+00
200812 0.1883182E+02 -.2363987E+00
200901 0.1882221E+02 -.1844864E+00
200902 0.1881592E+02 -.1017418E+00
200903 0.1887500E+02 0.6917953E-02
200904 0.1899913E+02 0.1602211E+00
200905 0.1909921E+02 0.3020840E+00
200906 0.1913603E+02 0.3959198E+00
200907 0.1910797E+02 0.4134979E+00
200908 0.1910784E+02 0.3928661E+00
200909 0.1920487E+02 0.3931618E+00
200910 0.1937648E+02 0.4354248E+00
200911 0.1953394E+02 0.4840336E+00
200912 0.1953184E+02 0.4636230E+00
201001 0.1939969E+02 0.3929863E+00
201002 0.1926664E+02 0.3489761E+00
201003 0.1911261E+02 0.2445240E+00
201004 0.1888076E+02 0.4185486E-01
201005 0.1863379E+02 -.1633434E+00
201006 0.1845942E+02 -.2806873E+00
201007 0.1834767E+02 -.3468018E+00
201008 0.1828627E+02 -.4287071E+00
201009 0.1831352E+02 -.4981956E+00
201010 0.1844625E+02 -.4948101E+00
201011 0.1860851E+02 -.4413967E+00
201012 0.1870496E+02 -.3632584E+00
201101 0.1881298E+02 -.1937180E+00
201102 0.1897770E+02 0.6003380E-01
201103 0.1908298E+02 0.2148991E+00
201104 0.1910110E+02 0.2621937E+00
201105 0.1905437E+02 0.2572422E+00
201106 0.1894523E+02 0.2051163E+00
201107 0.1881543E+02 0.1209602E+00
201108 0.1872065E+02 0.5672455E-02
201109 0.1870101E+02 -.1107063E+00
201110 0.1875628E+02 -.1847744E+00
201111 0.1882950E+02 -.2203999E+00
201112 0.1884826E+02 -.2199516E+00
201201 0.1881441E+02 -.1922894E+00
201202 0.1879226E+02 -.1254082E+00
201203 0.1882400E+02 -.4408646E-01
201204 0.1889734E+02 0.5843163E-01
201205 0.1896021E+02 0.1630840E+00
201206 0.1897025E+02 0.2301350E+00
201207 0.1893919E+02 0.2447224E+00
201208 0.1892114E+02 0.2061672E+00
201209 0.1895902E+02 0.1473122E+00
201210 0.1903374E+02 0.9267998E-01
201211 0.1907405E+02 0.2414322E-01
201212 0.1904147E+02 -.2674294E-01
201301 0.1897372E+02 -.3297806E-01
201302 0.1891382E+02 -.3841400E-02
201303 0.1886140E+02 -.6683350E-02
201304 0.1881231E+02 -.2659225E-01
201305 0.1878107E+02 -.1606178E-01
201306 0.1877342E+02 0.3331184E-01
201307 0.1878946E+02 0.9498787E-01
201308 0.1885244E+02 0.1374645E+00
201309 0.1897809E+02 0.1663742E+00
201310 0.1913458E+02 0.1935196E+00
201311 0.1924950E+02 0.1996002E+00
201312 0.1926609E+02 0.1978703E+00
201401 0.1923692E+02 0.2302170E+00
201402 0.1926715E+02 0.3494816E+00
201403 0.1933771E+02 0.4696274E+00
201404 0.1933592E+02 0.4970131E+00
201405 0.1922420E+02 0.4270668E+00
201406 0.1907360E+02 0.3334942E+00
201407 0.1899573E+02 0.3012600E+00
201408 0.1904937E+02 0.3343906E+00
201409 0.1919183E+02 0.3801136E+00
201410 0.1934643E+02 0.4053669E+00
201411 0.1944363E+02 0.3937263E+00
201412 0.1943167E+02 0.3634567E+00
201501 0.1936024E+02 0.3535347E+00
201502 0.1934208E+02 0.4244175E+00
201503 0.1939667E+02 0.5285835E+00
201504 0.1944566E+02 0.6067505E+00
201505 0.1943342E+02 0.6362915E+00
201506 0.1938791E+02 0.6478024E+00
201507 0.1937049E+02 0.6760254E+00
201508 0.1941193E+02 0.6969528E+00
201509 0.1950737E+02 0.6956539E+00
201510 0.1961215E+02 0.6710892E+00
201511 0.1964608E+02 0.5961800E+00
201512 0.1954692E+02 0.4787064E+00
201601 0.1931079E+02 0.3040848E+00
201602 0.1899980E+02 0.8213234E-01
201603 0.1871199E+02 -.1560879E+00
201604 0.1851207E+02 -.3268394E+00
201605 0.1841342E+02 -.3837128E+00
201606 0.1839721E+02 -.3429031E+00
201607 0.1843390E+02 -.2605648E+00
201608 0.1851178E+02 -.2031937E+00
201609 0.1862217E+02 -.1895390E+00
201610 0.1875919E+02 -.1818714E+00
201611 0.1891044E+02 -.1394577E+00
201612 0.1901895E+02 -.4926872E-01
201701 0.1905164E+02 0.4494286E-01
201702 0.1904957E+02 0.1319008E+00
201703 0.1905283E+02 0.1847439E+00
201704 0.1905963E+02 0.2207260E+00
201705 0.1904035E+02 0.2432232E+00
201706 0.1896520E+02 0.2250938E+00
201707 0.1884414E+02 0.1496658E+00
201708 0.1873373E+02 0.1875305E-01
201709 0.1870274E+02 -.1089764E+00
201710 0.1877048E+02 -.1705742E+00
201711 0.1887908E+02 -.1708241E+00
201712 0.1896499E+02 -.1032295E+00
201801 0.1902868E+02 0.2197838E-01
201802 0.1909546E+02 0.1777916E+00
201803 0.1917162E+02 0.3035374E+00
201804 0.1925106E+02 0.4121571E+00
201805 0.1930724E+02 0.5101109E+00
201806 0.1931606E+02 0.5759468E+00
201807 0.1930923E+02 0.6147594E+00
201808 0.1936003E+02 0.6450500E+00
201809 0.1950158E+02 0.6898651E+00
201810 0.1966961E+02 0.7285480E+00
201811 0.1975157E+02 0.7016697E+00
201812 0.1970026E+02 0.6320400E+00
201901 0.1957364E+02 0.5669346E+00
201902 0.1944125E+02 0.5235882E+00
201903 0.1929935E+02 0.4312706E+00
201904 0.1913735E+02 0.2984409E+00
201905 0.1899211E+02 0.1949768E+00
201906 0.1888581E+02 0.1457043E+00
201907 0.1882883E+02 0.1343594E+00
201908 0.1886559E+02 0.1506176E+00
201909 0.1901429E+02 0.2025757E+00
201910 0.1920685E+02 0.2657871E+00
201911 0.1934722E+02 0.2973213E+00
201912 0.1938659E+02 0.3183784E+00
202001 0.1933130E+02 0.3245964E+00
202002 0.1921914E+02 0.3014717E+00
202003 0.1908477E+02 0.2166882E+00
202004 0.1894064E+02 0.1017284E+00
202005 0.1879013E+02 -.7001877E-02
