Warm Water Volume (m**3,5N-5S,120E-155W)
TAO Project Office/NOAA/PMEL/Seattle
http://www.pmel.noaa.gov/tao/
Michael J. McPhaden, Director

 date     Volume       Anomaly
198001 0.1690032E+16 -.1174459E+14
198002 0.1709985E+16 -.3970160E+13
198003 0.1726390E+16 0.3852049E+11
198004 0.1721118E+16 0.4551055E+13
198005 0.1694522E+16 0.6141937E+13
198006 0.1670436E+16 0.1213744E+14
198007 0.1668847E+16 0.2897103E+14
198008 0.1690979E+16 0.5071712E+14
198009 0.1718821E+16 0.6247714E+14
198010 0.1744901E+16 0.6086465E+14
198011 0.1761589E+16 0.5346496E+14
198012 0.1748789E+16 0.3951276E+14
198101 0.1736355E+16 0.3457784E+14
198102 0.1766391E+16 0.5243578E+14
198103 0.1788032E+16 0.6168016E+14
198104 0.1751133E+16 0.3456643E+14
198105 0.1702943E+16 0.1456262E+14
198106 0.1670324E+16 0.1202551E+14
198107 0.1670112E+16 0.3023590E+14
198108 0.1692063E+16 0.5180053E+14
198109 0.1703374E+16 0.4703056E+14
198110 0.1719645E+16 0.3560823E+14
198111 0.1735438E+16 0.2731438E+14
198112 0.1734066E+16 0.2478988E+14
198201 0.1744721E+16 0.4294444E+14
198202 0.1763667E+16 0.4971143E+14
198203 0.1767636E+16 0.4128443E+14
198204 0.1750226E+16 0.3365966E+14
198205 0.1708836E+16 0.2045545E+14
198206 0.1673828E+16 0.1552993E+14
198207 0.1669973E+16 0.3009752E+14
198208 0.1677114E+16 0.3685176E+14
198209 0.1678117E+16 0.2177387E+14
198210 0.1676370E+16 -.7667053E+13
198211 0.1642149E+16 -.6597432E+14
198212 0.1566682E+16 -.1425945E+15
198301 0.1530633E+16 -.1711438E+15
198302 0.1535820E+16 -.1781358E+15
198303 0.1549613E+16 -.1767383E+15
198304 0.1545785E+16 -.1707817E+15
198305 0.1523351E+16 -.1650290E+15
198306 0.1502210E+16 -.1560881E+15
198307 0.1496965E+16 -.1429114E+15
198308 0.1509417E+16 -.1308450E+15
198309 0.1523308E+16 -.1330353E+15
198310 0.1548915E+16 -.1351216E+15
198311 0.1600000E+16 -.1081234E+15
198312 0.1623814E+16 -.8546220E+14
198401 0.1624073E+16 -.7770441E+14
198402 0.1642391E+16 -.7156476E+14
198403 0.1664158E+16 -.6219301E+14
198404 0.1668949E+16 -.4761777E+14
198405 0.1651956E+16 -.3642454E+14
198406 0.1626582E+16 -.3171605E+14
198407 0.1602162E+16 -.3771424E+14
198408 0.1599830E+16 -.4043229E+14
198409 0.1619875E+16 -.3646870E+14
198410 0.1661789E+16 -.2224766E+14
198411 0.1722210E+16 0.1408642E+14
198412 0.1746833E+16 0.3755707E+14
198501 0.1744496E+16 0.4271936E+14
198502 0.1743104E+16 0.2914847E+14
198503 0.1750037E+16 0.2368594E+14
198504 0.1746770E+16 0.3020315E+14
198505 0.1725367E+16 0.3698638E+14
198506 0.1711571E+16 0.5327276E+14
198507 0.1704938E+16 0.6506231E+14
198508 0.1698489E+16 0.5822660E+14
198509 0.1707981E+16 0.5163705E+14
198510 0.1739010E+16 0.5497330E+14
198511 0.1765875E+16 0.5775147E+14
198512 0.1766689E+16 0.5741324E+14
198601 0.1767976E+16 0.6619927E+14
198602 0.1788181E+16 0.7422562E+14
198603 0.1793211E+16 0.6685976E+14
198604 0.1783022E+16 0.6645589E+14
198605 0.1761658E+16 0.7327791E+14
198606 0.1723410E+16 0.6511157E+14
198607 0.1699822E+16 0.5994647E+14
198608 0.1694450E+16 0.5418745E+14
198609 0.1693464E+16 0.3712033E+14
198610 0.1699034E+16 0.1499709E+14
198611 0.1697149E+16 -.1097485E+14
198612 0.1657044E+16 -.5223217E+14
198701 0.1607780E+16 -.9399697E+14
198702 0.1608144E+16 -.1058115E+15
198703 0.1625791E+16 -.1005602E+15
198704 0.1614123E+16 -.1024440E+15
198705 0.1574767E+16 -.1136133E+15
198706 0.1520801E+16 -.1374973E+15
198707 0.1481618E+16 -.1582581E+15
198708 0.1481935E+16 -.1583274E+15
198709 0.1502722E+16 -.1536210E+15
198710 0.1525566E+16 -.1584702E+15
198711 0.1551926E+16 -.1561978E+15
198712 0.1566624E+16 -.1426517E+15
198801 0.1568822E+16 -.1329547E+15
198802 0.1574782E+16 -.1391736E+15
198803 0.1598968E+16 -.1273831E+15
198804 0.1618066E+16 -.9850065E+14
198805 0.1622161E+16 -.6621967E+14
198806 0.1625287E+16 -.3301112E+14
198807 0.1631590E+16 -.8286200E+13
198808 0.1636364E+16 -.3898354E+13
198809 0.1655614E+16 -.7294734E+12
198810 0.1706191E+16 0.2215438E+14
198811 0.1761001E+16 0.5287709E+14
198812 0.1786694E+16 0.7741773E+14
198901 0.1805614E+16 0.1038370E+15
198902 0.1825170E+16 0.1112147E+15
198903 0.1824601E+16 0.9824926E+14
198904 0.1812113E+16 0.9554692E+14
198905 0.1787135E+16 0.9875499E+14
198906 0.1748404E+16 0.9010573E+14
198907 0.1727361E+16 0.8748526E+14
198908 0.1725004E+16 0.8474118E+14
198909 0.1726883E+16 0.7053933E+14
198910 0.1754464E+16 0.7042753E+14
198911 0.1796020E+16 0.8789624E+14
198912 0.1796892E+16 0.8761532E+14
199001 0.1781191E+16 0.7941381E+14
199002 0.1779982E+16 0.6602667E+14
199003 0.1770112E+16 0.4376048E+14
199004 0.1742352E+16 0.2578537E+14
199005 0.1707143E+16 0.1876310E+14
199006 0.1687751E+16 0.2945220E+14
199007 0.1682335E+16 0.4245911E+14
199008 0.1684360E+16 0.4409777E+14
199009 0.1698659E+16 0.4231509E+14
199010 0.1721290E+16 0.3725320E+14
199011 0.1739112E+16 0.3098819E+14
199012 0.1727630E+16 0.1835360E+14
199101 0.1702464E+16 0.6873290E+12
199102 0.1706247E+16 -.7708258E+13
199103 0.1729332E+16 0.2980305E+13
199104 0.1728481E+16 0.1191464E+14
199105 0.1702147E+16 0.1376698E+14
199106 0.1673979E+16 0.1568093E+14
199107 0.1658858E+16 0.1898174E+14
199108 0.1666513E+16 0.2625071E+14
199109 0.1679383E+16 0.2303982E+14
199110 0.1682579E+16 -.1457739E+13
199111 0.1663739E+16 -.4438446E+14
199112 0.1621433E+16 -.8784295E+14
199201 0.1573454E+16 -.1283230E+15
199202 0.1534705E+16 -.1792501E+15
199203 0.1521895E+16 -.2044570E+15
199204 0.1518383E+16 -.1981832E+15
199205 0.1507148E+16 -.1812329E+15
199206 0.1511499E+16 -.1468000E+15
199207 0.1536336E+16 -.1035396E+15
199208 0.1567275E+16 -.7298706E+14
199209 0.1605429E+16 -.5091456E+14
199210 0.1654154E+16 -.2988250E+14
199211 0.1684869E+16 -.2325523E+14
199212 0.1675061E+16 -.3421559E+14
199301 0.1645506E+16 -.5627132E+14
199302 0.1637539E+16 -.7641606E+14
199303 0.1642380E+16 -.8397144E+14
199304 0.1617605E+16 -.9896168E+14
199305 0.1570411E+16 -.1179691E+15
199306 0.1526618E+16 -.1316809E+15
199307 0.1511021E+16 -.1288547E+15
199308 0.1530307E+16 -.1099557E+15
199309 0.1561270E+16 -.9507326E+14
199310 0.1597470E+16 -.8656694E+14
199311 0.1625469E+16 -.8265517E+14
199312 0.1639524E+16 -.6975228E+14
199401 0.1654689E+16 -.4708761E+14
199402 0.1676832E+16 -.3712315E+14
199403 0.1697387E+16 -.2896486E+14
199404 0.1704047E+16 -.1251956E+14
199405 0.1684089E+16 -.4291612E+13
199406 0.1650125E+16 -.8173591E+13
199407 0.1627996E+16 -.1187975E+14
199408 0.1620496E+16 -.1976651E+14
199409 0.1622365E+16 -.3397896E+14
199410 0.1635192E+16 -.4884438E+14
199411 0.1643188E+16 -.6493548E+14
199412 0.1614567E+16 -.9470926E+14
199501 0.1586931E+16 -.1148459E+15
199502 0.1600781E+16 -.1131744E+15
199503 0.1632985E+16 -.9336668E+14
199504 0.1659136E+16 -.5743042E+14
199505 0.1662144E+16 -.2623661E+14
199506 0.1643237E+16 -.1506138E+14
199507 0.1635473E+16 -.4403147E+13
199508 0.1647681E+16 0.7418885E+13
199509 0.1674859E+16 0.1851534E+14
199510 0.1720383E+16 0.3634589E+14
199511 0.1765526E+16 0.5740251E+14
199512 0.1787763E+16 0.7848677E+14
199601 0.1794784E+16 0.9300738E+14
199602 0.1805868E+16 0.9191284E+14
199603 0.1810151E+16 0.8379991E+14
199604 0.1792386E+16 0.7581933E+14
199605 0.1760470E+16 0.7208915E+14
199606 0.1719312E+16 0.6101337E+14
199607 0.1688446E+16 0.4857017E+14
199608 0.1690644E+16 0.5038158E+14
199609 0.1709846E+16 0.5350268E+14
199610 0.1742325E+16 0.5828821E+14
199611 0.1790288E+16 0.8216393E+14
199612 0.1819307E+16 0.1100313E+15
199701 0.1827353E+16 0.1255760E+15
199702 0.1838800E+16 0.1248446E+15
199703 0.1847294E+16 0.1209423E+15
199704 0.1809979E+16 0.9341232E+14
199705 0.1736798E+16 0.4841743E+14
199706 0.1658069E+16 -.2292439E+12
199707 0.1587503E+16 -.5237283E+14
199708 0.1550650E+16 -.8961248E+14
199709 0.1532488E+16 -.1238554E+15
199710 0.1508155E+16 -.1758821E+15
199711 0.1463308E+16 -.2448157E+15
199712 0.1405381E+16 -.3038954E+15
199801 0.1382847E+16 -.3189304E+15
199802 0.1407577E+16 -.3063783E+15
199803 0.1440507E+16 -.2858446E+15
199804 0.1455145E+16 -.2614219E+15
199805 0.1454102E+16 -.2342780E+15
199806 0.1449480E+16 -.2088182E+15
199807 0.1446195E+16 -.1936814E+15
199808 0.1461128E+16 -.1791345E+15
199809 0.1503440E+16 -.1529031E+15
199810 0.1566844E+16 -.1171927E+15
199811 0.1633086E+16 -.7503804E+14
199812 0.1685482E+16 -.2379466E+14
199901 0.1718706E+16 0.1692848E+14
199902 0.1749063E+16 0.3510800E+14
199903 0.1761430E+16 0.3507847E+14
199904 0.1743241E+16 0.2667497E+14
199905 0.1708045E+16 0.1966491E+14
199906 0.1669544E+16 0.1124557E+14
199907 0.1641638E+16 0.1762145E+13
199908 0.1640825E+16 0.5627749E+12
199909 0.1670578E+16 0.1423486E+14
199910 0.1715768E+16 0.3173095E+14
199911 0.1762902E+16 0.5477828E+14
199912 0.1798593E+16 0.8931653E+14
200001 0.1822491E+16 0.1207144E+15
200002 0.1845688E+16 0.1317331E+15
200003 0.1853860E+16 0.1275085E+15
200004 0.1835382E+16 0.1188153E+15
200005 0.1800381E+16 0.1120009E+15
200006 0.1757231E+16 0.9893269E+14
200007 0.1713938E+16 0.7406201E+14
200008 0.1689913E+16 0.4965103E+14
200009 0.1702292E+16 0.4594810E+14
200010 0.1740436E+16 0.5639883E+14
200011 0.1784540E+16 0.7641579E+14
200012 0.1801943E+16 0.9266674E+14
200101 0.1796417E+16 0.9464041E+14
200102 0.1803964E+16 0.9000909E+14
200103 0.1824478E+16 0.9812672E+14
200104 0.1813381E+16 0.9681407E+14
200105 0.1766896E+16 0.7851603E+14
200106 0.1723042E+16 0.6474341E+14
200107 0.1688390E+16 0.4851380E+14
200108 0.1677744E+16 0.3748178E+14
200109 0.1705341E+16 0.4899712E+14
200110 0.1745971E+16 0.6193383E+14
200111 0.1779013E+16 0.7088937E+14
200112 0.1779949E+16 0.7067248E+14
200201 0.1756230E+16 0.5445294E+14
200202 0.1747280E+16 0.3332479E+14
200203 0.1746537E+16 0.2018554E+14
200204 0.1733375E+16 0.1680835E+14
200205 0.1708895E+16 0.2051451E+14
200206 0.1684015E+16 0.2571639E+14
200207 0.1670902E+16 0.3102577E+14
200208 0.1673154E+16 0.3289126E+14
200209 0.1681437E+16 0.2509348E+14
200210 0.1680383E+16 -.3653809E+13
200211 0.1661118E+16 -.4700546E+14
200212 0.1636868E+16 -.7240791E+14
200301 0.1626856E+16 -.7492114E+14
200302 0.1647686E+16 -.6626893E+14
200303 0.1682155E+16 -.4419669E+14
200304 0.1697934E+16 -.1863264E+14
200305 0.1700733E+16 0.1235300E+14
200306 0.1692606E+16 0.3430753E+14
200307 0.1679344E+16 0.3946833E+14
200308 0.1685468E+16 0.4520547E+14
200309 0.1702191E+16 0.4584757E+14
200310 0.1723626E+16 0.3958886E+14
200311 0.1746251E+16 0.3812723E+14
200312 0.1753769E+16 0.4449291E+14
200401 0.1749982E+16 0.4820510E+14
200402 0.1747171E+16 0.3321620E+14
200403 0.1763098E+16 0.3674626E+14
200404 0.1767186E+16 0.5061941E+14
200405 0.1736892E+16 0.4851166E+14
200406 0.1717487E+16 0.5918868E+14
200407 0.1709754E+16 0.6987804E+14
200408 0.1700144E+16 0.5988124E+14
200409 0.1704575E+16 0.4823114E+14
200410 0.1723254E+16 0.3921735E+14
200411 0.1743843E+16 0.3571883E+14
200412 0.1748412E+16 0.3913614E+14
200501 0.1746963E+16 0.4518587E+14
200502 0.1759366E+16 0.4541042E+14
200503 0.1760982E+16 0.3463005E+14
200504 0.1734278E+16 0.1771164E+14
200505 0.1702765E+16 0.1438505E+14
200506 0.1672391E+16 0.1409286E+14
200507 0.1656264E+16 0.1638839E+14
200508 0.1661781E+16 0.2151846E+14
200509 0.1679175E+16 0.2283111E+14
200510 0.1706077E+16 0.2204030E+14
200511 0.1736836E+16 0.2871239E+14
200512 0.1754434E+16 0.4515769E+14
200601 0.1778724E+16 0.7694743E+14
200602 0.1815106E+16 0.1011510E+15
200603 0.1824367E+16 0.9801518E+14
200604 0.1792368E+16 0.7580174E+14
200605 0.1754972E+16 0.6659199E+14
200606 0.1720538E+16 0.6223985E+14
200607 0.1692591E+16 0.5271535E+14
200608 0.1675862E+16 0.3560004E+14
200609 0.1673248E+16 0.1690432E+14
200610 0.1697808E+16 0.1377154E+14
200611 0.1702855E+16 -.5268717E+13
200612 0.1669079E+16 -.4019687E+14
200701 0.1658535E+16 -.4324173E+14
200702 0.1689595E+16 -.2435985E+14
200703 0.1718340E+16 -.8011188E+13
200704 0.1724289E+16 0.7722754E+13
200705 0.1707469E+16 0.1908831E+14
200706 0.1677701E+16 0.1940251E+14
200707 0.1657954E+16 0.1807765E+14
200708 0.1659942E+16 0.1967914E+14
200709 0.1688689E+16 0.3234553E+14
200710 0.1741947E+16 0.5791065E+14
200711 0.1792188E+16 0.8406392E+14
200712 0.1821864E+16 0.1125876E+15
200801 0.1845642E+16 0.1438652E+15
200802 0.1883870E+16 0.1699148E+15
200803 0.1905697E+16 0.1793451E+15
200804 0.1874494E+16 0.1579272E+15
200805 0.1813051E+16 0.1246710E+15
200806 0.1750688E+16 0.9238931E+14
200807 0.1697226E+16 0.5735043E+14
200808 0.1674470E+16 0.3420780E+14
200809 0.1684565E+16 0.2822142E+14
200810 0.1712963E+16 0.2892593E+14
200811 0.1745079E+16 0.3695524E+14
200812 0.1782968E+16 0.7369224E+14
200901 0.1819515E+16 0.1177381E+15
200902 0.1834251E+16 0.1202955E+15
200903 0.1830986E+16 0.1046343E+15
200904 0.1808587E+16 0.9202008E+14
200905 0.1772801E+16 0.8442094E+14
200906 0.1733942E+16 0.7564350E+14
200907 0.1697674E+16 0.5779791E+14
200908 0.1687182E+16 0.4691997E+14
200909 0.1705264E+16 0.4892008E+14
200910 0.1719988E+16 0.3595116E+14
200911 0.1709137E+16 0.1013344E+13
200912 0.1675624E+16 -.3365214E+14
201001 0.1653558E+16 -.4821920E+14
201002 0.1659639E+16 -.5431644E+14
201003 0.1664527E+16 -.6182498E+14
201004 0.1654781E+16 -.6178525E+14
201005 0.1635881E+16 -.5249913E+14
201006 0.1627280E+16 -.3101839E+14
201007 0.1631899E+16 -.7977096E+13
201008 0.1647667E+16 0.7404658E+13
201009 0.1693873E+16 0.3752996E+14
201010 0.1753505E+16 0.6946881E+14
201011 0.1799599E+16 0.9147569E+14
201012 0.1833299E+16 0.1240224E+15
201101 0.1868201E+16 0.1664235E+15
201102 0.1891757E+16 0.1778013E+15
201103 0.1884428E+16 0.1580760E+15
201104 0.1854980E+16 0.1384132E+15
201105 0.1812085E+16 0.1237046E+15
201106 0.1764272E+16 0.1059738E+15
201107 0.1729113E+16 0.8923680E+14
201108 0.1718571E+16 0.7830853E+14
201109 0.1736476E+16 0.8013282E+14
201110 0.1774373E+16 0.9033591E+14
201111 0.1808466E+16 0.1003420E+15
201112 0.1830184E+16 0.1209078E+15
201201 0.1846228E+16 0.1444512E+15
201202 0.1855751E+16 0.1417958E+15
201203 0.1853798E+16 0.1274470E+15
201204 0.1838655E+16 0.1220889E+15
201205 0.1807818E+16 0.1194377E+15
201206 0.1765189E+16 0.1068907E+15
201207 0.1723345E+16 0.8346920E+14
201208 0.1696329E+16 0.5606677E+14
201209 0.1692344E+16 0.3600095E+14
201210 0.1708184E+16 0.2414751E+14
201211 0.1731864E+16 0.2374016E+14
201212 0.1755685E+16 0.4640846E+14
201301 0.1779029E+16 0.7725237E+14
201302 0.1794705E+16 0.8074928E+14
201303 0.1793965E+16 0.6761312E+14
201304 0.1778915E+16 0.6234870E+14
201305 0.1755878E+16 0.6749810E+14
201306 0.1730397E+16 0.7209814E+14
201307 0.1712332E+16 0.7245556E+14
201308 0.1711120E+16 0.7085810E+14
201309 0.1730362E+16 0.7401799E+14
201310 0.1758797E+16 0.7476035E+14
201311 0.1780105E+16 0.7198124E+14
201312 0.1793929E+16 0.8465246E+14
201401 0.1813640E+16 0.1118630E+15
201402 0.1828780E+16 0.1148246E+15
201403 0.1813917E+16 0.8756539E+14
201404 0.1766018E+16 0.4945199E+14
201405 0.1709143E+16 0.2076214E+14
201406 0.1679464E+16 0.2116546E+14
201407 0.1686426E+16 0.4654993E+14
201408 0.1709366E+16 0.6910334E+14
201409 0.1729186E+16 0.7284224E+14
201410 0.1744889E+16 0.6085271E+14
201411 0.1752823E+16 0.4469960E+14
201412 0.1752048E+16 0.4277143E+14
201501 0.1752872E+16 0.5109508E+14
201502 0.1755955E+16 0.4199995E+14
201503 0.1748694E+16 0.2234296E+14
201504 0.1721725E+16 0.5158658E+13
201505 0.1680000E+16 -.8380555E+13
201506 0.1644697E+16 -.1360189E+14
201507 0.1624759E+16 -.1511721E+14
201508 0.1613978E+16 -.2628480E+14
201509 0.1608242E+16 -.4810189E+14
201510 0.1605177E+16 -.7885936E+14
201511 0.1594628E+16 -.1134959E+15
201512 0.1576824E+16 -.1324524E+15
201601 0.1557634E+16 -.1441433E+15
201602 0.1542670E+16 -.1712856E+15
201603 0.1539818E+16 -.1865334E+15
201604 0.1544846E+16 -.1717210E+15
201605 0.1547979E+16 -.1404011E+15
201606 0.1551429E+16 -.1068691E+15
201607 0.1564979E+16 -.7489671E+14
201608 0.1593213E+16 -.4704909E+14
201609 0.1635503E+16 -.2084093E+14
201610 0.1686463E+16 0.2426388E+13
201611 0.1725831E+16 0.1770694E+14
201612 0.1740698E+16 0.3142185E+14
201701 0.1743271E+16 0.4149422E+14
201702 0.1753603E+16 0.3964765E+14
201703 0.1766262E+16 0.3991045E+14
201704 0.1759721E+16 0.4315435E+14
201705 0.1726957E+16 0.3857632E+14
201706 0.1682845E+16 0.2454627E+14
201707 0.1649530E+16 0.9654281E+13
201708 0.1637698E+16 -.2564632E+13
201709 0.1654966E+16 -.1377208E+13
201710 0.1698617E+16 0.1458061E+14
201711 0.1742362E+16 0.3423800E+14
201712 0.1765635E+16 0.5635896E+14
201801 0.1783206E+16 0.8142869E+14
201802 0.1810640E+16 0.9668441E+14
201803 0.1828909E+16 0.1025576E+15
201804 0.1821627E+16 0.1050605E+15
201805 0.1792882E+16 0.1045017E+15
201806 0.1758133E+16 0.9983396E+14
201807 0.1740669E+16 0.1007928E+15
201808 0.1748107E+16 0.1078450E+15
201809 0.1761728E+16 0.1053843E+15
201810 0.1770829E+16 0.8679189E+14
201811 0.1772519E+16 0.6439538E+14
201812 0.1769139E+16 0.5986312E+14
201901 0.1768148E+16 0.6637107E+14
201902 0.1765515E+16 0.5155974E+14
201903 0.1747041E+16 0.2068913E+14
201904 0.1713837E+16 -.2729317E+13
201905 0.1680710E+16 -.7670677E+13
201906 0.1658240E+16 -.5825049E+11
201907 0.1656366E+16 0.1649012E+14
201908 0.1677219E+16 0.3695658E+14
201909 0.1705899E+16 0.4955520E+14
201910 0.1727946E+16 0.4390906E+14
201911 0.1739526E+16 0.3140212E+14
201912 0.1737756E+16 0.2847993E+14
202001 0.1726309E+16 0.2453205E+14
202002 0.1717584E+16 0.3628710E+13
202003 0.1713833E+16 -.1251822E+14
202004 0.1709899E+16 -.6667803E+13
202005 0.1703845E+16 0.1546484E+14
