Warm Water Volume (m**3,5N-5S,155W-80W)
TAO Project Office/NOAA/PMEL/Seattle
http://www.pmel.noaa.gov/tao/
Michael J. McPhaden, Director

 date     Volume       Anomaly
198001 0.9153720E+15 0.8831808E+14
198002 0.8544490E+15 0.7401940E+14
198003 0.7876748E+15 0.5237021E+14
198004 0.7471321E+15 0.3553777E+14
198005 0.7453299E+15 0.3406775E+14
198006 0.7542858E+15 0.3117623E+14
198007 0.7544478E+15 0.1783807E+14
198008 0.7526242E+15 -.1203530E+13
198009 0.7788772E+15 0.2112117E+13
198010 0.8220547E+15 0.2422355E+14
198011 0.8597545E+15 0.4093077E+14
198012 0.8742342E+15 0.3857679E+14
198101 0.8396848E+15 0.1263083E+14
198102 0.7931423E+15 0.1271277E+14
198103 0.7692458E+15 0.3394118E+14
198104 0.7510205E+15 0.3942619E+14
198105 0.7350926E+15 0.2383042E+14
198106 0.7202121E+15 -.2897492E+13
198107 0.7168133E+15 -.1979651E+14
198108 0.7392263E+15 -.1460141E+14
198109 0.7755312E+15 -.1233931E+13
198110 0.7953499E+15 -.2481283E+13
198111 0.8133991E+15 -.5424678E+13
198112 0.8470969E+15 0.1143944E+14
198201 0.8545323E+15 0.2747840E+14
198202 0.8115376E+15 0.3110805E+14
198203 0.7747996E+15 0.3949504E+14
198204 0.7790038E+15 0.6740944E+14
198205 0.7957734E+15 0.8451127E+14
198206 0.7894133E+15 0.6630369E+14
198207 0.7844379E+15 0.4782815E+14
198208 0.8415854E+15 0.8775772E+14
198209 0.9267273E+15 0.1499622E+15
198210 0.9696770E+15 0.1718459E+15
198211 0.1012769E+16 0.1939457E+15
198212 0.1060189E+16 0.2245316E+15
198301 0.9958760E+15 0.1688221E+15
198302 0.9124297E+15 0.1320001E+15
198303 0.8741457E+15 0.1388411E+15
198304 0.8445367E+15 0.1329423E+15
198305 0.8187914E+15 0.1075293E+15
198306 0.7824646E+15 0.5935497E+14
198307 0.7526568E+15 0.1604707E+14
198308 0.7495794E+15 -.4248327E+13
198309 0.7326901E+15 -.4407495E+14
198310 0.6835532E+15 -.1142780E+15
198311 0.6717158E+15 -.1471080E+15
198312 0.7082944E+15 -.1273630E+15
198401 0.7244479E+15 -.1026060E+15
198402 0.7065539E+15 -.7387565E+14
198403 0.6778690E+15 -.5743559E+14
198404 0.6415706E+15 -.7002374E+14
198405 0.6170203E+15 -.9424185E+14
198406 0.6235703E+15 -.9953936E+14
198407 0.6583685E+15 -.7824129E+14
198408 0.7028644E+15 -.5096328E+14
198409 0.7244127E+15 -.5235243E+14
198410 0.7263696E+15 -.7146154E+14
198411 0.7332728E+15 -.8555098E+14
198412 0.7411167E+15 -.9454069E+14
198501 0.7393490E+15 -.8770498E+14
198502 0.7339052E+15 -.4652436E+14
198503 0.7153206E+15 -.1998395E+14
198504 0.7038707E+15 -.7723626E+13
198505 0.7064029E+15 -.4859219E+13
198506 0.7079088E+15 -.1520083E+14
198507 0.7193912E+15 -.1721859E+14
198508 0.7470967E+15 -.6730952E+13
198509 0.7679601E+15 -.8805019E+13
198510 0.7805702E+15 -.1726100E+14
198511 0.8064261E+15 -.1239769E+14
198512 0.8215683E+15 -.1408910E+14
198601 0.7953404E+15 -.3171357E+14
198602 0.7498811E+15 -.3054849E+14
198603 0.7121166E+15 -.2318799E+14
198604 0.6951002E+15 -.1649415E+14
198605 0.7145600E+15 0.3297864E+13
198606 0.7527403E+15 0.2963071E+14
198607 0.7713812E+15 0.3477138E+14
198608 0.7859175E+15 0.3208985E+14
198609 0.8307479E+15 0.5398277E+14
198610 0.8909073E+15 0.9307610E+14
198611 0.9310875E+15 0.1122637E+15
198612 0.9719101E+15 0.1362527E+15
198701 0.9693793E+15 0.1423254E+15
198702 0.8928302E+15 0.1124006E+15
198703 0.8240044E+15 0.8869980E+14
198704 0.7884990E+15 0.7690468E+14
198705 0.7743938E+15 0.6313166E+14
198706 0.7686986E+15 0.4558900E+14
198707 0.7782241E+15 0.4161434E+14
198708 0.8139696E+15 0.6014189E+14
198709 0.8316900E+15 0.5492491E+14
198710 0.8339624E+15 0.3613121E+14
198711 0.8318638E+15 0.1304006E+14
198712 0.8170070E+15 -.1865043E+14
198801 0.7842767E+15 -.4277720E+14
198802 0.7206275E+15 -.5980212E+14
198803 0.6394022E+15 -.9590239E+14
198804 0.5778739E+15 -.1337205E+15
198805 0.5621458E+15 -.1491163E+15
198806 0.5747338E+15 -.1483758E+15
198807 0.5932490E+15 -.1433608E+15
198808 0.6109980E+15 -.1428297E+15
198809 0.6184578E+15 -.1583073E+15
198810 0.6026727E+15 -.1951585E+15
198811 0.6086394E+15 -.2101844E+15
198812 0.6526795E+15 -.1829779E+15
198901 0.6854135E+15 -.1416404E+15
198902 0.6890284E+15 -.9140113E+14
198903 0.6929267E+15 -.4237784E+14
198904 0.7078121E+15 -.3782256E+13
198905 0.7264925E+15 0.1523036E+14
198906 0.7439621E+15 0.2085247E+14
198907 0.7497701E+15 0.1316032E+14
198908 0.7532027E+15 -.6249849E+12
198909 0.7677074E+15 -.9057683E+13
198910 0.7795730E+15 -.1825817E+14
198911 0.8006135E+15 -.1821026E+14
198912 0.8614373E+15 0.2577987E+14
199001 0.9085124E+15 0.8145842E+14
199002 0.9000786E+15 0.1196490E+15
199003 0.8647679E+15 0.1294633E+15
199004 0.8054649E+15 0.9387054E+14
199005 0.7563068E+15 0.4504468E+14
199006 0.7334795E+15 0.1036986E+14
199007 0.7480407E+15 0.1143092E+14
199008 0.7863699E+15 0.3254216E+14
199009 0.8090367E+15 0.3227158E+14
199010 0.8216160E+15 0.2378486E+14
199011 0.8469104E+15 0.2808660E+14
199012 0.8986998E+15 0.6304234E+14
199101 0.9115574E+15 0.8450348E+14
199102 0.8518566E+15 0.7142698E+14
199103 0.7861148E+15 0.5081027E+14
199104 0.7676342E+15 0.5603986E+14
199105 0.7838855E+15 0.7262333E+14
199106 0.8100963E+15 0.8698664E+14
199107 0.8313941E+15 0.9478429E+14
199108 0.8422406E+15 0.8841291E+14
199109 0.8694703E+15 0.9270519E+14
199110 0.9227998E+15 0.1249687E+15
199111 0.9867332E+15 0.1679095E+15
199112 0.1052385E+16 0.2167280E+15
199201 0.1080123E+16 0.2530693E+15
199202 0.1044223E+16 0.2637931E+15
199203 0.9537940E+15 0.2184894E+15
199204 0.8686053E+15 0.1570110E+15
199205 0.8042689E+15 0.9300671E+14
199206 0.7636622E+15 0.4055261E+14
199207 0.7604095E+15 0.2379976E+14
199208 0.7728632E+15 0.1903550E+14
199209 0.7959984E+15 0.1923327E+14
199210 0.8172456E+15 0.1941439E+14
199211 0.8420123E+15 0.2318853E+14
199212 0.8896964E+15 0.5403894E+14
199301 0.9024760E+15 0.7542204E+14
199302 0.8669959E+15 0.8656634E+14
199303 0.8283993E+15 0.9309476E+14
199304 0.8072075E+15 0.9561315E+14
199305 0.7898456E+15 0.7858341E+14
199306 0.7587627E+15 0.3565313E+14
199307 0.7328009E+15 -.3808898E+13
199308 0.7377987E+15 -.1602895E+14
199309 0.7806380E+15 0.3872920E+13
199310 0.8119553E+15 0.1412413E+14
199311 0.8211750E+15 0.2351226E+13
199312 0.8115878E+15 -.2406967E+14
199401 0.7685863E+15 -.5846766E+14
199402 0.7114364E+15 -.6899315E+14
199403 0.6724009E+15 -.6290369E+14
199404 0.6638238E+15 -.4777057E+14
199405 0.6827780E+15 -.2848416E+14
199406 0.7072221E+15 -.1588749E+14
199407 0.7313546E+15 -.5255161E+13
199408 0.7758902E+15 0.2206251E+14
199409 0.8420475E+15 0.6528236E+14
199410 0.9067492E+15 0.1089180E+15
199411 0.9525166E+15 0.1336929E+15
199412 0.9558058E+15 0.1201484E+15
199501 0.9052945E+15 0.7824061E+14
199502 0.8115104E+15 0.3108087E+14
199503 0.7130016E+15 -.2230296E+14
199504 0.6587379E+15 -.5285648E+14
199505 0.6657647E+15 -.4549746E+14
199506 0.6988995E+15 -.2421013E+14
199507 0.7086165E+15 -.2799332E+14
199508 0.6955992E+15 -.5822848E+14
199509 0.6847215E+15 -.9204363E+14
199510 0.6969203E+15 -.1009109E+15
199511 0.7253311E+15 -.9349265E+14
199512 0.7557147E+15 -.7994276E+14
199601 0.7625027E+15 -.6455128E+14
199602 0.7366982E+15 -.4373142E+14
199603 0.6977456E+15 -.3755902E+14
199604 0.6727760E+15 -.3881832E+14
199605 0.6855132E+15 -.2574900E+14
199606 0.7210567E+15 -.2052927E+13
199607 0.7402120E+15 0.3602270E+13
199608 0.7484213E+15 -.5406357E+13
199609 0.7595578E+15 -.1720732E+14
199610 0.7706451E+15 -.2718607E+14
199611 0.7887577E+15 -.3006611E+14
199612 0.8234066E+15 -.1225086E+14
199701 0.8589748E+15 0.3192087E+14
199702 0.8553199E+15 0.7489027E+14
199703 0.8388174E+15 0.1035129E+15
199704 0.8777186E+15 0.1661243E+15
199705 0.9300705E+15 0.2188084E+15
199706 0.9549271E+15 0.2318174E+15
199707 0.9680252E+15 0.2314154E+15
199708 0.9995610E+15 0.2457333E+15
199709 0.1070356E+16 0.2935912E+15
199710 0.1137710E+16 0.3398785E+15
199711 0.1148672E+16 0.3298487E+15
199712 0.1092895E+16 0.2572377E+15
199801 0.9755860E+15 0.1485320E+15
199802 0.8604015E+15 0.7997189E+14
199803 0.7623427E+15 0.2703816E+14
199804 0.6791407E+15 -.3245365E+14
199805 0.6126119E+15 -.9865023E+14
199806 0.5734897E+15 -.1496199E+15
199807 0.5579174E+15 -.1786924E+15
199808 0.5704014E+15 -.1834263E+15
199809 0.5912673E+15 -.1854978E+15
199810 0.5962482E+15 -.2015830E+15
199811 0.6020503E+15 -.2167735E+15
199812 0.6216875E+15 -.2139699E+15
199901 0.6288063E+15 -.1982476E+15
199902 0.6044932E+15 -.1759364E+15
199903 0.5748160E+15 -.1604886E+15
199904 0.5779544E+15 -.1336399E+15
199905 0.5989875E+15 -.1122746E+15
199906 0.6294595E+15 -.9365008E+14
199907 0.6538413E+15 -.8276852E+14
199908 0.6512258E+15 -.1026019E+15
199909 0.6525343E+15 -.1242308E+15
199910 0.6661806E+15 -.1316505E+15
199911 0.6633816E+15 -.1554422E+15
199912 0.6636544E+15 -.1720030E+15
200001 0.6653653E+15 -.1616886E+15
200002 0.6473579E+15 -.1330717E+15
200003 0.6275299E+15 -.1077747E+15
200004 0.6269925E+15 -.8460186E+14
200005 0.6529306E+15 -.5833156E+14
200006 0.6879242E+15 -.3518545E+14
200007 0.7153375E+15 -.2127223E+14
200008 0.7339592E+15 -.1986852E+14
200009 0.7517330E+15 -.2503208E+14
200010 0.7607431E+15 -.3708812E+14
200011 0.7521921E+15 -.6663165E+14
200012 0.7540291E+15 -.8162834E+14
200101 0.7497932E+15 -.7726076E+14
200102 0.7089370E+15 -.7149255E+14
200103 0.6703345E+15 -.6497010E+14
200104 0.6618733E+15 -.4972109E+14
200105 0.6817836E+15 -.2947858E+14
200106 0.7178833E+15 -.5226304E+13
200107 0.7451764E+15 0.8566581E+13
200108 0.7591151E+15 0.5287373E+13
200109 0.7745205E+15 -.2244590E+13
200110 0.7972491E+15 -.5821023E+12
200111 0.8215280E+15 0.2704219E+13
200112 0.8485688E+15 0.1291141E+14
200201 0.8779284E+15 0.5087449E+14
200202 0.8506100E+15 0.7018044E+14
200203 0.7800451E+15 0.4474054E+14
200204 0.7305276E+15 0.1893322E+14
200205 0.7321240E+15 0.2086186E+14
200206 0.7664497E+15 0.4334011E+14
200207 0.8028419E+15 0.6623215E+14
200208 0.8472237E+15 0.9339601E+14
200209 0.9082566E+15 0.1314915E+15
200210 0.9673313E+15 0.1695001E+15
200211 0.9922261E+15 0.1734023E+15
200212 0.9629350E+15 0.1272775E+15
200301 0.8896362E+15 0.6258230E+14
200302 0.7967551E+15 0.1632551E+14
200303 0.7212496E+15 -.1405494E+14
200304 0.6740840E+15 -.3751030E+14
200305 0.6675138E+15 -.4374840E+14
200306 0.7123084E+15 -.1080117E+14
200307 0.7676086E+15 0.3099879E+14
200308 0.7838456E+15 0.3001786E+14
200309 0.7964173E+15 0.1965216E+14
200310 0.8397636E+15 0.4193244E+14
200311 0.8795656E+15 0.6074184E+14
200312 0.8787422E+15 0.4308476E+14
200401 0.8364445E+15 0.9390610E+13
200402 0.7796139E+15 -.8157082E+12
200403 0.7126368E+15 -.2266776E+14
200404 0.6803386E+15 -.3125575E+14
200405 0.6924597E+15 -.1880243E+14
200406 0.7182026E+15 -.4907000E+13
200407 0.7498334E+15 0.1322367E+14
200408 0.7859204E+15 0.3209267E+14
200409 0.8388321E+15 0.6206704E+14
200410 0.8811780E+15 0.8334686E+14
200411 0.9057946E+15 0.8697081E+14
200412 0.9110895E+15 0.7543204E+14
200501 0.8712772E+15 0.4422326E+14
200502 0.8224254E+15 0.4199579E+14
200503 0.7947978E+15 0.5949322E+14
200504 0.7631872E+15 0.5159282E+14
200505 0.7338975E+15 0.2263535E+14
200506 0.7311407E+15 0.8031119E+13
200507 0.7387452E+15 0.2135471E+13
200508 0.7392580E+15 -.1456974E+14
200509 0.7444055E+15 -.3235956E+14
200510 0.7574673E+15 -.4036390E+14
200511 0.7697047E+15 -.4911906E+14
200512 0.7692556E+15 -.6640181E+14
200601 0.7270758E+15 -.9997811E+14
200602 0.6706997E+15 -.1097299E+15
200603 0.6515456E+15 -.8375898E+14
200604 0.6718394E+15 -.3975496E+14
200605 0.7125537E+15 0.1291577E+13
200606 0.7560938E+15 0.3298421E+14
200607 0.7883467E+15 0.5173691E+14
200608 0.8264504E+15 0.7262266E+14
200609 0.8688463E+15 0.9208121E+14
200610 0.9025750E+15 0.1047439E+15
200611 0.9361054E+15 0.1172816E+15
200612 0.9230589E+15 0.8740144E+14
200701 0.8312355E+15 0.4181553E+13
200702 0.7167678E+15 -.6366175E+14
200703 0.6286844E+15 -.1066201E+15
200704 0.5849467E+15 -.1266476E+15
200705 0.5916024E+15 -.1196597E+15
200706 0.6242057E+15 -.9890390E+14
200707 0.6397308E+15 -.9687896E+14
200708 0.6446492E+15 -.1091785E+15
200709 0.6472209E+15 -.1295442E+15
200710 0.6461149E+15 -.1517162E+15
200711 0.6633936E+15 -.1554302E+15
200712 0.6789468E+15 -.1567107E+15
200801 0.6593956E+15 -.1676583E+15
200802 0.6290050E+15 -.1514246E+15
200803 0.6266686E+15 -.1086360E+15
200804 0.6561582E+15 -.5543615E+14
200805 0.7038480E+15 -.7414120E+13
200806 0.7496658E+15 0.2655619E+14
200807 0.7704733E+15 0.3386354E+14
200808 0.7580889E+15 0.4261212E+13
200809 0.7393755E+15 -.3738964E+14
200810 0.7374826E+15 -.6034859E+14
200811 0.7332289E+15 -.8559487E+14
200812 0.7080996E+15 -.1275578E+15
200901 0.6791218E+15 -.1479321E+15
200902 0.6584701E+15 -.1219595E+15
200903 0.6584454E+15 -.7685918E+14
200904 0.6932240E+15 -.1837031E+14
200905 0.7381673E+15 0.2690515E+14
200906 0.7779392E+15 0.5482955E+14
200907 0.8035021E+15 0.6689237E+14
200908 0.8137633E+15 0.5993560E+14
200909 0.8245473E+15 0.4778218E+14
200910 0.8577002E+15 0.5986903E+14
200911 0.9172129E+15 0.9838911E+14
200912 0.9542059E+15 0.1185485E+15
201001 0.9336247E+15 0.1065708E+15
201002 0.8792962E+15 0.9886659E+14
201003 0.8151694E+15 0.7986485E+14
201004 0.7363073E+15 0.2471297E+14
201005 0.6702778E+15 -.4098439E+14
201006 0.6367158E+15 -.8639380E+14
201007 0.6197926E+15 -.1168171E+15
201008 0.5977467E+15 -.1560810E+15
201009 0.5772464E+15 -.1995187E+15
201010 0.5766257E+15 -.2212055E+15
201011 0.6064329E+15 -.2123909E+15
201012 0.6339588E+15 -.2016986E+15
201101 0.6498357E+15 -.1772183E+15
201102 0.6705651E+15 -.1098645E+15
201103 0.6894825E+15 -.4582207E+14
201104 0.7060977E+15 -.5496619E+13
201105 0.7183304E+15 0.7068241E+13
201106 0.7193292E+15 -.3780377E+13
201107 0.7114646E+15 -.2514522E+14
201108 0.6995370E+15 -.5429067E+14
201109 0.6866268E+15 -.9013834E+14
201110 0.6782157E+15 -.1196155E+15
201111 0.6832774E+15 -.1355464E+15
201112 0.6838417E+15 -.1518158E+15
201201 0.6675125E+15 -.1595415E+15
201202 0.6463798E+15 -.1340498E+15
201203 0.6360896E+15 -.9921495E+14
201204 0.6483075E+15 -.6328681E+14
201205 0.6809849E+15 -.3027724E+14
201206 0.7158715E+15 -.7238094E+13
201207 0.7451968E+15 0.8587049E+13
201208 0.7707395E+15 0.1691177E+14
201209 0.7887666E+15 0.1200148E+14
201210 0.7997612E+15 0.1929984E+13
201211 0.8004132E+15 -.1841058E+14
201212 0.7821645E+15 -.5349295E+14
201301 0.7499477E+15 -.7710621E+14
201302 0.7157144E+15 -.6471523E+14
201303 0.6849472E+15 -.5035742E+14
201304 0.6645688E+15 -.4702553E+14
201305 0.6662840E+15 -.4497817E+14
201306 0.6907946E+15 -.3231500E+14
201307 0.7262723E+15 -.1033745E+14
201308 0.7585006E+15 0.4672924E+13
201309 0.7845901E+15 0.7825028E+13
201310 0.8129188E+15 0.1508762E+14
201311 0.8355084E+15 0.1668461E+14
201312 0.8328211E+15 -.2836356E+13
201401 0.8053564E+15 -.2169757E+14
201402 0.7943699E+15 0.1394032E+14
201403 0.8166125E+15 0.8130796E+14
201404 0.8417380E+15 0.1301437E+15
201405 0.8409737E+15 0.1297116E+15
201406 0.8158637E+15 0.9275405E+14
201407 0.7904803E+15 0.5387050E+14
201408 0.7930430E+15 0.3921533E+14
201409 0.8250108E+15 0.4824570E+14
201410 0.8615115E+15 0.6368027E+14
201411 0.8877861E+15 0.6896234E+14
201412 0.8869459E+15 0.5128849E+14
201501 0.8579455E+15 0.3089155E+14
201502 0.8355997E+15 0.5517013E+14
201503 0.8401846E+15 0.1048800E+15
201504 0.8619609E+15 0.1503666E+15
201505 0.8834649E+15 0.1722028E+15
201506 0.8971354E+15 0.1740258E+15
201507 0.9133720E+15 0.1767623E+15
201508 0.9424129E+15 0.1885852E+15
201509 0.9772112E+15 0.2004461E+15
201510 0.1009328E+16 0.2114964E+15
201511 0.1028770E+16 0.2099465E+15
201512 0.1018732E+16 0.1830748E+15
201601 0.9642665E+15 0.1372125E+15
201602 0.8677816E+15 0.8735198E+14
201603 0.7566807E+15 0.2137612E+14
201604 0.6703131E+15 -.4128128E+14
201605 0.6326008E+15 -.7866132E+14
201606 0.6322125E+15 -.9089708E+14
201607 0.6497527E+15 -.8685706E+14
201608 0.6695455E+15 -.8428216E+14
201609 0.6850571E+15 -.9170795E+14
201610 0.6999400E+15 -.9789116E+14
201611 0.7264612E+15 -.9236253E+14
201612 0.7628170E+15 -.7284043E+14
201701 0.7741517E+15 -.5290219E+14
201702 0.7443165E+15 -.3611309E+14
201703 0.7065808E+15 -.2872380E+14
201704 0.6903692E+15 -.2122512E+14
201705 0.7004078E+15 -.1085432E+14
201706 0.7167627E+15 -.6346888E+13
201707 0.7195176E+15 -.1709216E+14
201708 0.7060646E+15 -.4776312E+14
201709 0.6870257E+15 -.8973938E+14
201710 0.6798351E+15 -.1179960E+15
201711 0.6945316E+15 -.1242922E+15
201712 0.7266723E+15 -.1089851E+15
201801 0.7504137E+15 -.7664027E+14
201802 0.7446436E+15 -.3578594E+14
201803 0.7349686E+15 -.3360141E+12
201804 0.7462785E+15 0.3468414E+14
201805 0.7737396E+15 0.6247748E+14
201806 0.7979832E+15 0.7487356E+14
201807 0.8090491E+15 0.7243932E+14
201808 0.8242531E+15 0.7042545E+14
201809 0.8645227E+15 0.8775759E+14
201810 0.9157902E+15 0.1179590E+15
201811 0.9426260E+15 0.1238022E+15
201812 0.9287753E+15 0.9311784E+14
201901 0.8846154E+15 0.5756142E+14
201902 0.8352138E+15 0.5478419E+14
201903 0.7898968E+15 0.5459226E+14
201904 0.7472410E+15 0.3564662E+14
201905 0.7212475E+15 0.9985396E+13
201906 0.7132525E+15 -.9857151E+13
201907 0.7109689E+15 -.2564089E+14
201908 0.7162315E+15 -.3759620E+14
201909 0.7457270E+15 -.3103812E+14
201910 0.7980210E+15 0.1897839E+12
201911 0.8433371E+15 0.2451332E+14
201912 0.8609609E+15 0.2530346E+14
202001 0.8495911E+15 0.2253717E+14
202002 0.8116848E+15 0.3125522E+14
202003 0.7572227E+15 0.2191816E+14
202004 0.7000452E+15 -.1154917E+14
202005 0.6498469E+15 -.6141528E+14
